[ui]
is_irp6ot_m_active=1
is_irp6p_m_active=0
is_conveyor_active=0
is_mp_and_ecps_active=1

[mp]
program_name=mp_visualservo_tester
node_name=koleszko

[ecp_irp6ot_m]
program_name=ecp_objectfollower_ib
node_name=robot1

[edp_irp6ot_m]
robot_test_mode=0
force_sensor_test_mode=1
node_name=robot1

servo_tryb=1
real_cartesian_position_0=1
real_cartesian_position_1=1
real_cartesian_position_2=1
real_cartesian_position_3=1
real_cartesian_position_4=1
real_cartesian_position_5=1
measure_time=1
preset_position_0=0.0 0.0 -1.428 0.0 0.0 4.720 0.0 0.075

[visualservo_tester]
run_vs=1
run_conveyor=0
vs_settle_time=0

[object_follower_ib]
fradia_node_name=lenin
fradia_task=MB_BallLocalization2D
fradia_port=4000

v_max=0.3
omega_max=0.5
a_max=0.3
epsilon_max=0.2

translation_min=[0.75; -0.2; 0.2]
translation_max=[0.85; 0.2; 0.25]
cone_rotation=[-0.70711   0.70711   0.00000 0;   0.70711   0.70711   0.00000 0;   0.00000   0.00000  -1.00000 0]
min_inclination=1.309
wrist_rotation_min=-1
wrist_rotation_max=1

e_t_c_rotation=[1  0  0 ; 0  1  0; 0  0  1]
regulator_kp_matrix=[0.00004 0 0 0 0 0; 0 0.00004 0 0 0 0; 0 0 0.001 0 0 0; 0 0 0 0.1 0 0; 0 0 0 0 0 0; 0 0 0 0 0 0]
desired_position_translation=[0 0 20]
desired_position_rotation=0

; kamera DX-201 rozdzielczosc: 320x240 Interlace: TOP
;fradia_camera_intrinsics=[306.37817383 0.0 159.50000000; 0.0 299.71066284 119.50000000; 0.0 0.0 1.0]
;fradia_camera_distortion=[-0.67126590 0.48093042 8.42473377e-03 -8.42429325e-03 -0.22253232]
;fradia_z_estimation_a=100
;fradia_z_estimation_b=100
;fradia_z_estimation_c=0

; kamera DX-201 rozdzielczosc: 768x576 Interlace: INTERLACED	
fradia_camera_intrinsics=[647.07647705 0. 383.50000000; 0. 632.76348877 287.50000000; 0. 0. 1.]
fradia_camera_distortion=[-0.51084775 0.23313555 4.50637517e-03 -6.86281081e-03 4.94365674e-03]
fradia_z_estimation_a=2950
fradia_z_estimation_b=-1.9
fradia_z_estimation_c=2.14
