[ui]
is_irp6ot_m_active=0
is_irp6p_m_active=1
is_conveyor_active=0
is_mp_and_ecps_active=1

[mp]
program_name=mp_visualservo_tester
node_name=koleszko

[ecp_irp6p_m]
program_name=ecp_objectfollower_pb_sac
node_name=robot2

[edp_irp6p_m]
robot_test_mode=0
force_sensor_test_mode=1
node_name=robot2

servo_tryb=1
real_cartesian_position_0=1
real_cartesian_position_1=1
real_cartesian_position_2=1
real_cartesian_position_3=1
real_cartesian_position_4=1
real_cartesian_position_5=1
measure_time=1
preset_position_0=0.0 -1.571 0.0 0.0 4.712 0.0 0.075

[visualservo_tester]
run_vs=1
run_conveyor=0
vs_settle_time=0

[object_follower_sac_1]
fradia_node_name=lenin
fradia_task=MB_ChessboardLocalization
fradia_port=4000

v_max=0.3
omega_max=0.5
a_max=0.3
epsilon_max=1

translation_min=[0.75; 1.6; 0.05]
translation_max=[0.90; 2.15; 0.30]
cone_rotation=[-0.70711   0.70711   0.00000 0;   0.70711   0.70711   0.00000 0;   0.00000   0.00000  -1.00000 0]
min_inclination=1.309
wrist_rotation_min=-1
wrist_rotation_max=2

E_T_G_desired=[1 0 0 0.05; 0 1 0 0.00; 0 0 1 0.15]

O_T_C=[0.0000    1.0000    0.0000	   0.90;   0.7071   -0.0000   -0.7071    2.90;   -0.7071    0.0000   -0.7071   1.185]


regulator_kp_matrix=[0.08 0 0 0 0 0; 0 0.08 0 0 0 0; 0 0 0.08 0 0 0; 0 0 0 0.05 0 0; 0 0 0 0 0.05 0; 0 0 0 0 0 0.05]

; kamera Mitsubishi (29.07.2010) rozdzielczosc: 768x576 Interlace: INTERLACED, zoom: nieznany
fradia_camera_intrinsics=[1.87120312e+03 0. 3.83500000e+02; 0. 1.87757153e+03 2.87500000e+02; 0. 0. 1.]
fradia_camera_distortion=[-6.87764436e-02 8.20148945e+00 7.74234859e-03 2.96020857e-03 -1.36298920e+02]
