<?xml version="1.0"?>
<plan>
  <head>
    <item>
      <agent>1</agent>
      <TBeg>0</TBeg>
      <TEnd>14.4402563773199</TEnd>
      <ind>0</ind>
      <cx>100.69574608939</cx>
      <cy>104.214476475966</cy>
      <cz>161</cz>
      <alfa>0.588002603547568</alfa>
      <beta>0</beta>
      <gamma>1.5707963267949</gamma>
      <line>
        <sP>1</sP>
        <eP>2</eP>
        <sPos>[100 100 161]</sPos>
        <ePos>[130 120 161]</ePos>
        <a>-0.666666666666667</a>
        <b>1</b>
        <c>-33.3333333333333</c>
        <norm>1.20185042515466</norm>
        <norm2>1.44444444444444</norm2>
        <alfa>0.588002603547568</alfa>
        <beta>0</beta>
        <gamma>1.5707963267949</gamma>
        <len>36.0555127546399</len>
        <index/>
      </line>
      <lineseg/>
      <actions>1</actions>
      <numActions>1</numActions>
      <k1>0</k1>
      <k2>6.41666666666666</k2>
      <ABeg>0</ABeg>
      <AHoldMin>7.22012818865997</AHoldMin>
      <AHoldMax>9.22012818865997</AHoldMax>
    </item>
    <item>
      <agent>2</agent>
      <TBeg>12.8333333333333</TBeg>
      <TEnd>30.0471794213066</TEnd>
      <ind>100</ind>
      <cx>107.188618545619</cx>
      <cy>108.543058113452</cy>
      <cz>161</cz>
      <alfa>0.588002603547568</alfa>
      <beta>0</beta>
      <gamma>1.5707963267949</gamma>
      <line>
        <sP>1</sP>
        <eP>2</eP>
        <sPos>[100 100 161]</sPos>
        <ePos>[130 120 161]</ePos>
        <a>-0.666666666666667</a>
        <b>1</b>
        <c>-33.3333333333333</c>
        <norm>1.20185042515466</norm>
        <norm2>1.44444444444444</norm2>
        <alfa>0.588002603547568</alfa>
        <beta>0</beta>
        <gamma>1.5707963267949</gamma>
        <len>36.0555127546399</len>
        <index/>
      </line>
      <lineseg/>
      <actions>2</actions>
      <numActions>1</numActions>
      <k1>7.22012818865997</k1>
      <k2>14.22012818866</k2>
      <ABeg>6.41666666666666</ABeg>
      <AHoldMin>15.0235897106533</AHoldMin>
      <AHoldMax>17.0235897106533</AHoldMax>
    </item>
    <item>
      <agent>1</agent>
      <TBeg>28.4402563773199</TBeg>
      <TEnd>45.6541024652932</TEnd>
      <ind>200</ind>
      <cx>113.681491001847</cx>
      <cy>112.871639750938</cy>
      <cz>161</cz>
      <alfa>0.588002603547568</alfa>
      <beta>0</beta>
      <gamma>1.5707963267949</gamma>
      <line>
        <sP>1</sP>
        <eP>2</eP>
        <sPos>[100 100 161]</sPos>
        <ePos>[130 120 161]</ePos>
        <a>-0.666666666666667</a>
        <b>1</b>
        <c>-33.3333333333333</c>
        <norm>1.20185042515466</norm>
        <norm2>1.44444444444444</norm2>
        <alfa>0.588002603547568</alfa>
        <beta>0</beta>
        <gamma>1.5707963267949</gamma>
        <len>36.0555127546399</len>
        <index/>
      </line>
      <lineseg/>
      <actions>[3 4 5 6 7]</actions>
      <numActions>5</numActions>
      <k1>15.0235897106533</k1>
      <k2>22.0235897106533</k2>
      <ABeg>14.22012818866</ABeg>
      <AHoldMin>22.8270512326466</AHoldMin>
      <AHoldMax>24.8270512326466</AHoldMax>
    </item>
    <item>
      <agent>2</agent>
      <TBeg>44.0471794213065</TBeg>
      <TEnd>61.2610255092798</TEnd>
      <ind>300</ind>
      <cx>120.174363458076</cx>
      <cy>117.200221388423</cy>
      <cz>161</cz>
      <alfa>0.588002603547568</alfa>
      <beta>0</beta>
      <gamma>1.5707963267949</gamma>
      <line>
        <sP>1</sP>
        <eP>2</eP>
        <sPos>[100 100 161]</sPos>
        <ePos>[130 120 161]</ePos>
        <a>-0.666666666666667</a>
        <b>1</b>
        <c>-33.3333333333333</c>
        <norm>1.20185042515466</norm>
        <norm2>1.44444444444444</norm2>
        <alfa>0.588002603547568</alfa>
        <beta>0</beta>
        <gamma>1.5707963267949</gamma>
        <len>36.0555127546399</len>
        <index/>
      </line>
      <lineseg/>
      <actions>[8 9 10 11 12]</actions>
      <numActions>5</numActions>
      <k1>22.8270512326466</k1>
      <k2>29.8270512326466</k2>
      <ABeg>22.0235897106533</ABeg>
      <AHoldMin>30.6305127546399</AHoldMin>
      <AHoldMax>31.8430127546399</AHoldMax>
    </item>
    <item>
      <agent>1</agent>
      <TBeg>59.6541024652932</TBeg>
      <TEnd>72.1110255092798</TEnd>
      <ind>400</ind>
      <cx>126.667235914305</cx>
      <cy>121.528803025909</cy>
      <cz>161</cz>
      <alfa>0.588002603547568</alfa>
      <beta>0</beta>
      <gamma>1.5707963267949</gamma>
      <line>
        <sP>1</sP>
        <eP>2</eP>
        <sPos>[100 100 161]</sPos>
        <ePos>[130 120 161]</ePos>
        <a>-0.666666666666667</a>
        <b>1</b>
        <c>-33.3333333333333</c>
        <norm>1.20185042515466</norm>
        <norm2>1.44444444444444</norm2>
        <alfa>0.588002603547568</alfa>
        <beta>0</beta>
        <gamma>1.5707963267949</gamma>
        <len>36.0555127546399</len>
        <index/>
      </line>
      <lineseg/>
      <actions>[13 14 15 16 17]</actions>
      <numActions>5</numActions>
      <k1>30.6305127546399</k1>
      <k2>36.0555127546399</k2>
      <ABeg>29.8270512326466</ABeg>
      <AHoldMin>36.0555127546399</AHoldMin>
      <AHoldMax>36.0555127546399</AHoldMax>
    </item>
  </head>
  <mbase>
    <item>
      <agent>1</agent>
      <TBeg>0</TBeg>
      <TEnd>15.9665916218626</TEnd>
      <ind>-50</ind>
      <bCind>60</bCind>
      <cx>136</cx>
      <cy>98.1495457622364</cy>
      <theta>0</theta>
      <pinX>[119 153 136]</pinX>
      <pinY>[88.3345911860127 88.3345911860127 117.779454914684]</pinY>
      <pkmTheta>1.40066660787531</pkmTheta>
      <actions>
        <pin>0</pin>
        <dTheta>0</dTheta>
        <dPkmTheta>1.40066660787531</dPkmTheta>
      </actions>
      <numActions>1</numActions>
    </item>
    <item>
      <agent>2</agent>
      <TBeg>12.8333333333333</TBeg>
      <TEnd>31.8001931875142</TEnd>
      <ind>50</ind>
      <bCind>28</bCind>
      <cx>68</cx>
      <cy>98.1495457622364</cy>
      <theta>0</theta>
      <pinX>[51 85 68]</pinX>
      <pinY>[88.3345911860127 88.3345911860127 117.779454914684]</pinY>
      <pkmTheta>4.97163804532728</pkmTheta>
      <actions>
        <pin>0</pin>
        <dTheta>0</dTheta>
        <dPkmTheta>-1.31154726185231</dPkmTheta>
      </actions>
      <numActions>1</numActions>
    </item>
    <item>
      <agent>1</agent>
      <TBeg>16.966845196972</TBeg>
      <TEnd>47.7655570579378</TEnd>
      <ind>150</ind>
      <bCind>68</bCind>
      <cx>153</cx>
      <cy>107.96450033846</cy>
      <theta>1.0471975511966</theta>
      <pinX>[153 170 136]</pinX>
      <pinY>[88.3345911860127 117.779454914684 117.779454914684]</pinY>
      <pkmTheta>0.399435963540302</pkmTheta>
      <actions>
        <pin>3</pin>
        <dTheta>1.0471975511966</dTheta>
        <dPkmTheta>-1.00123064433501</dPkmTheta>
      </actions>
      <numActions>1</numActions>
    </item>
    <item>
      <agent>2</agent>
      <TBeg>36.0633255184895</TBeg>
      <TEnd>61.2610255092798</TEnd>
      <ind>250</ind>
      <bCind>37</bCind>
      <cx>85</cx>
      <cy>127.594409490907</cy>
      <theta>-4.18879020478639</theta>
      <pinX>[102 85 68]</pinX>
      <pinY>[117.779454914684 147.224318643355 117.779454914684]</pinY>
      <pkmTheta>-3.95251896751417</pkmTheta>
      <actions>
        <pin>3</pin>
        <dTheta>-4.18879020478639</dTheta>
        <dPkmTheta>-8.92415701284145</dPkmTheta>
      </actions>
      <numActions>1</numActions>
    </item>
    <item>
      <agent>1</agent>
      <TBeg>48.580835316637</TBeg>
      <TEnd>72.1110255092798</TEnd>
      <ind>350</ind>
      <bCind>68</bCind>
      <cx>153</cx>
      <cy>107.96450033846</cy>
      <theta>1.0471975511966</theta>
      <pinX>[153 170 136]</pinX>
      <pinY>[88.3345911860127 117.779454914684 117.779454914684]</pinY>
      <pkmTheta>1.09513293913955</pkmTheta>
      <actions>
        <pin>0</pin>
        <dTheta>0</dTheta>
        <dPkmTheta>0.695696975599244</dPkmTheta>
      </actions>
      <numActions>1</numActions>
    </item>
  </mbase>
  <pkm>
    <item>
      <agent>1</agent>
      <TBeg>0</TBeg>
      <TEnd>14.4402563773199</TEnd>
      <ind>-25</ind>
      <pkmToWrist>[-0.7071 0 -0.7071 -77.71029;0 1 0 35.8214143878651;0.7071 0 -0.7071 -102.71009334;0 0 0 1]</pkmToWrist>
    </item>
    <item>
      <agent>2</agent>
      <TBeg>12.8333333333333</TBeg>
      <TEnd>30.0471794213066</TEnd>
      <ind>75</ind>
      <pkmToWrist>[-0.7071 -1.73189550335419e-016 -0.7071 -77.71029;-2.44929359829471e-016 1 -1.49975978266186e-032 40.5434695420716;0.7071 1.73189550335419e-016 -0.7071 -102.71009334;0 0 0 1]</pkmToWrist>
    </item>
    <item>
      <agent>1</agent>
      <TBeg>14.8375949245793</TBeg>
      <TEnd>14.8375949245793</TEnd>
      <ind>175</ind>
      <pkmToWrist>[-0.7071 0 -0.7071 -75.94254;0 1 0 35.8214143878651;0.7071 0 -0.7071 -100.94234334;0 0 0 1]</pkmToWrist>
    </item>
    <item>
      <agent>1</agent>
      <TBeg>15.9665916218626</TBeg>
      <TEnd>15.9665916218626</TEnd>
      <ind>176</ind>
      <pkmToWrist>[-0.7071 0 -0.7071 -73.96266;0 1 0 16;0.7071 0 -0.7071 -98.96246334;0 0 0 1]</pkmToWrist>
    </item>
    <item>
      <agent>1</agent>
      <TBeg>16.966845196972</TBeg>
      <TEnd>16.966845196972</TEnd>
      <ind>177</ind>
      <pkmToWrist>[-0.7071 0 -0.7071 -64.1647949917444;0 1 0 8;0.7071 0 -0.7071 -108.760328348256;0 0 0 1]</pkmToWrist>
    </item>
    <item>
      <agent>1</agent>
      <TBeg>18.696827596497</TBeg>
      <TEnd>18.696827596497</TEnd>
      <ind>178</ind>
      <pkmToWrist>[-0.7071 0 -0.7071 -51.6784071031041;0 1 0 19.8117715452916;0.7071 0 -0.7071 -125.206476236896;0 0 0 1]</pkmToWrist>
    </item>
    <item>
      <agent>1</agent>
      <TBeg>19.0782997896167</TBeg>
      <TEnd>19.0782997896167</TEnd>
      <ind>179</ind>
      <pkmToWrist>[-0.7071 0 -0.7071 -53.4461571031041;0 1 0 19.8117715452916;0.7071 0 -0.7071 -126.974226236896;0 0 0 1]</pkmToWrist>
    </item>
    <item>
      <agent>2</agent>
      <TBeg>30.4405005142568</TBeg>
      <TEnd>30.4405005142568</TEnd>
      <ind>275</ind>
      <pkmToWrist>[-0.7071 -1.73189550335419e-016 -0.7071 -75.94254;-2.44929359829471e-016 1 -1.49975978266186e-032 40.5434695420716;0.7071 1.73189550335419e-016 -0.7071 -100.94234334;0 0 0 1]</pkmToWrist>
    </item>
    <item>
      <agent>2</agent>
      <TBeg>31.8001931875142</TBeg>
      <TEnd>31.8001931875142</TEnd>
      <ind>276</ind>
      <pkmToWrist>[-0.7071 -1.73189550335419e-016 -0.7071 -73.96266;-2.44929359829471e-016 1 -1.49975978266186e-032 16;0.7071 1.73189550335419e-016 -0.7071 -98.96246334;0 0 0 1]</pkmToWrist>
    </item>
    <item>
      <agent>2</agent>
      <TBeg>36.0633255184895</TBeg>
      <TEnd>36.0633255184895</TEnd>
      <ind>277</ind>
      <pkmToWrist>[-0.7071 0 -0.7071 -64.1647949917444;0 1 0 -8;0.7071 0 -0.7071 -108.760328348256;0 0 0 1]</pkmToWrist>
    </item>
    <item>
      <agent>2</agent>
      <TBeg>37.6015145824044</TBeg>
      <TEnd>37.6015145824044</TEnd>
      <ind>278</ind>
      <pkmToWrist>[-0.7071 0 -0.7071 -53.4821649868548;0 1 0 -18.3389952763956;0.7071 0 -0.7071 -123.402718353145;0 0 0 1]</pkmToWrist>
    </item>
    <item>
      <agent>2</agent>
      <TBeg>37.9861723800119</TBeg>
      <TEnd>37.9861723800119</TEnd>
      <ind>279</ind>
      <pkmToWrist>[-0.7071 0 -0.7071 -55.2499149868548;0 1 0 -18.3389952763956;0.7071 0 -0.7071 -125.170468353145;0 0 0 1]</pkmToWrist>
    </item>
    <item>
      <agent>1</agent>
      <TBeg>46.0355746584128</TBeg>
      <TEnd>46.0355746584128</TEnd>
      <ind>375</ind>
      <pkmToWrist>[-0.7071 0 -0.7071 -51.6784071031041;0 1 0 19.8117715452916;0.7071 0 -0.7071 -125.206476236896;0 0 0 1]</pkmToWrist>
    </item>
    <item>
      <agent>1</agent>
      <TBeg>47.7655570579378</TBeg>
      <TEnd>47.7655570579378</TEnd>
      <ind>376</ind>
      <pkmToWrist>[-0.7071 0 -0.7071 -64.1647949917444;0 1 0 8;0.7071 0 -0.7071 -108.760328348256;0 0 0 1]</pkmToWrist>
    </item>
    <item>
      <agent>1</agent>
      <TBeg>48.580835316637</TBeg>
      <TEnd>48.580835316637</TEnd>
      <ind>377</ind>
      <pkmToWrist>[-0.7071 0 -0.7071 -73.96266;0 1 0 16;0.7071 0 -0.7071 -98.96246334;0 0 0 1]</pkmToWrist>
    </item>
    <item>
      <agent>1</agent>
      <TBeg>49.4472678182077</TBeg>
      <TEnd>49.4472678182077</TEnd>
      <ind>378</ind>
      <pkmToWrist>[-0.7071 0 -0.7071 -75.94254;0 1 0 29.6210190876282;0.7071 0 -0.7071 -100.94234334;0 0 0 1]</pkmToWrist>
    </item>
    <item>
      <agent>1</agent>
      <TBeg>49.8492776782021</TBeg>
      <TEnd>49.8492776782021</TEnd>
      <ind>379</ind>
      <pkmToWrist>[-0.7071 0 -0.7071 -77.71029;0 1 0 29.6210190876282;0.7071 0 -0.7071 -102.71009334;0 0 0 1]</pkmToWrist>
    </item>
  </pkm>
</plan>
