<?xml version="1.0"?>
<plan>
  <head>
    <item>
      <agent>1</agent>
      <TBeg>0</TBeg>
      <TEnd>10.9227112176616</TEnd>
      <ind>0</ind>
      <cx>177.324862562261</cx>
      <cy>85.2068332010255</cy>
      <cz>146</cz>
      <alfa>4.35020987794304</alfa>
      <beta>0</beta>
      <gamma>1.5707963267949</gamma>
      <line>
        <sP>1</sP>
        <eP>2</eP>
        <sPos>[175.44 89.04 144.94]</sPos>
        <ePos>[173.25 83.26 144.02]</ePos>
        <a>2.6392694063927</a>
        <b>-1</b>
        <c>-373.993424657535</c>
        <norm>2.8223647885276</norm>
        <norm2>7.96574299952046</norm2>
        <alfa>4.35020987794304</alfa>
        <beta>3.29943809006579</beta>
        <gamma>4.31468336116516</gamma>
        <len>6.24907193109505</len>
        <index/>
      </line>
      <lineseg/>
      <actions>[1 1 1 1 1]</actions>
      <numActions>1</numActions>
      <k1>0</k1>
      <k2>10.666333040027</k2>
      <ABeg>0</ABeg>
      <AHoldMin>10.9227112176616</AHoldMin>
      <AHoldMax>13.0303634142666</AHoldMax>
    </item>
    <item>
      <agent>2</agent>
      <TBeg>10.666333040027</TBeg>
      <TEnd>19.1753129809312</TEnd>
      <ind>100</ind>
      <cx>171.099141740651</cx>
      <cy>91.6063019523934</cy>
      <cz>146</cz>
      <alfa>1.45251692719568</alfa>
      <beta>0</beta>
      <gamma>1.5707963267949</gamma>
      <line>
        <sP>2</sP>
        <eP>3</eP>
        <sPos>[173.25 83.26 144.02]</sPos>
        <ePos>[175.37 101.1 148.51]</ePos>
        <a>-8.41509433962262</a>
        <b>1</b>
        <c>1374.65509433962</c>
        <norm>8.47430308313012</norm>
        <norm2>71.8138127447486</norm2>
        <alfa>1.45251692719568</alfa>
        <beta>0.246560731681673</beta>
        <gamma>0.441128893608066</gamma>
        <len>18.5181019545741</len>
        <index/>
      </line>
      <lineseg/>
      <actions>[2 2 2 2 2]</actions>
      <numActions>1</numActions>
      <k1>10.9227112176616</k1>
      <k2>18.1380156108717</k2>
      <ABeg>10.666333040027</ABeg>
      <AHoldMin>19.1753129809312</AHoldMin>
      <AHoldMax>20.4712434333002</AHoldMax>
    </item>
    <item>
      <agent>1</agent>
      <TBeg>18.1380156108717</TBeg>
      <TEnd>24.7671738856691</TEnd>
      <ind>200</ind>
      <cx>172.043920842799</cx>
      <cy>99.5567072270747</cy>
      <cz>146</cz>
      <alfa>1.45251692719568</alfa>
      <beta>0</beta>
      <gamma>1.5707963267949</gamma>
      <line>
        <sP>2</sP>
        <eP>3</eP>
        <sPos>[173.25 83.26 144.02]</sPos>
        <ePos>[175.37 101.1 148.51]</ePos>
        <a>-8.41509433962262</a>
        <b>1</b>
        <c>1374.65509433962</c>
        <norm>8.47430308313012</norm>
        <norm2>71.8138127447486</norm2>
        <alfa>1.45251692719568</alfa>
        <beta>0.246560731681673</beta>
        <gamma>0.441128893608066</gamma>
        <len>18.5181019545741</len>
        <index/>
      </line>
      <lineseg/>
      <actions>[3 4 5 6 7]</actions>
      <numActions>5</numActions>
      <k1>19.1753129809312</k1>
      <k2>24.7671738856691</k2>
      <ABeg>18.1380156108717</ABeg>
      <AHoldMin>24.7671738856691</AHoldMin>
      <AHoldMax>24.7671738856691</AHoldMax>
    </item>
  </head>
  <mbase>
    <item>
      <agent>1</agent>
      <TBeg>0</TBeg>
      <TEnd>13.2394058252257</TEnd>
      <ind>-50</ind>
      <bCind>83</bCind>
      <cx>187</cx>
      <cy>68.7046820335655</cy>
      <theta>0</theta>
      <pinX>[170 204 187]</pinX>
      <pinY>[58.8897274573418 58.8897274573418 88.3345911860127]</pinY>
      <pkmTheta>0.530281734250233</pkmTheta>
      <actions>
        <item>
          <pin>0</pin>
          <dTheta>0</dTheta>
          <dPkmTheta>0.530281734250233</dPkmTheta>
        </item>
        <item>
          <pin>0</pin>
          <dTheta>0</dTheta>
          <dPkmTheta>0</dPkmTheta>
        </item>
        <item>
          <pin>0</pin>
          <dTheta>0</dTheta>
          <dPkmTheta>0</dPkmTheta>
        </item>
      </actions>
      <numActions>1</numActions>
    </item>
    <item>
      <agent>2</agent>
      <TBeg>10.666333040027</TBeg>
      <TEnd>19.1753129809312</TEnd>
      <ind>50</ind>
      <bCind>69</bCind>
      <cx>153</cx>
      <cy>127.594409490907</cy>
      <theta>0</theta>
      <pinX>[136 170 153]</pinX>
      <pinY>[117.779454914684 117.779454914684 147.224318643355]</pinY>
      <pkmTheta>3.60757359291294</pkmTheta>
      <actions>
        <item>
          <pin>0</pin>
          <dTheta>0</dTheta>
          <dPkmTheta>-2.67561171426665</dPkmTheta>
        </item>
        <item>
          <pin>0</pin>
          <dTheta>0</dTheta>
          <dPkmTheta>0</dPkmTheta>
        </item>
        <item>
          <pin>0</pin>
          <dTheta>0</dTheta>
          <dPkmTheta>0</dPkmTheta>
        </item>
      </actions>
      <numActions>1</numActions>
    </item>
    <item>
      <agent>1</agent>
      <TBeg>14.2396594003351</TBeg>
      <TEnd>24.7671738856691</TEnd>
      <ind>150</ind>
      <bCind>91</bCind>
      <cx>204</cx>
      <cy>78.5196366097891</cy>
      <theta>1.0471975511966</theta>
      <pinX>[204 221 187]</pinX>
      <pinY>[58.8897274573418 88.3345911860127 88.3345911860127]</pinY>
      <pkmTheta>-0.0585975088965076</pkmTheta>
      <actions>
        <item>
          <pin>3</pin>
          <dTheta>1.0471975511966</dTheta>
          <dPkmTheta>-0.588879243146741</dPkmTheta>
        </item>
        <item>
          <pin>0</pin>
          <dTheta>0</dTheta>
          <dPkmTheta>0</dPkmTheta>
        </item>
        <item>
          <pin>0</pin>
          <dTheta>0</dTheta>
          <dPkmTheta>0</dPkmTheta>
        </item>
      </actions>
      <numActions>1</numActions>
    </item>
  </mbase>
  <pkm>
    <item>
      <agent>1</agent>
      <TBeg>0</TBeg>
      <TEnd>10.9227112176616</TEnd>
      <ind>-25</ind>
      <Xyz_Euler_Zyz>
        <x>-0.02</x><y>0</y><z>0.42</z>
        <ox>0</ox><oy>0</oy><oz>0</oz>
      </Xyz_Euler_Zyz>
      <!--
      <pkmToWrist>[-0.7071 1.73189550335419e-016 -0.7071 -67.10379;2.44929359829471e-016 1 1.49975978266186e-032 19.1292780206895;0.7071 -1.73189550335419e-016 -0.7071 -92.10359334;0 0 0 1]</pkmToWrist>
      -->
    </item>
    <item>
      <agent>2</agent>
      <TBeg>10.666333040027</TBeg>
      <TEnd>19.1753129809312</TEnd>
      <ind>75</ind>
      <Xyz_Euler_Zyz>
        <x>-0.02</x><y>0</y><z>0.42</z>
        <ox>0</ox><oy>0</oy><oz>0</oz>
      </Xyz_Euler_Zyz>
      <!--
      <pkmToWrist>[-0.7071 0 -0.7071 -67.10379;0 1 0 40.2830338474128;0.7071 0 -0.7071 -92.10359334;0 0 0 1]</pkmToWrist>
      -->
    </item>
    <item>
      <agent>1</agent>
      <TBeg>11.3284957665142</TBeg>
      <TEnd>11.3284957665142</TEnd>
      <ind>175</ind>
      <pkmToWrist>[-0.7071 1.73189550335419e-016 -0.7071 -65.33604;2.44929359829471e-016 1 1.49975978266186e-032 19.1292780206895;0.7071 -1.73189550335419e-016 -0.7071 -90.33584334;0 0 0 1]</pkmToWrist>
    </item>
    <item>
      <agent>1</agent>
      <TBeg>13.2394058252257</TBeg>
      <TEnd>13.2394058252257</TEnd>
      <ind>176</ind>
      <pkmToWrist>[-0.7071 1.73189550335419e-016 -0.7071 -73.96266;2.44929359829471e-016 1 1.49975978266186e-032 16;0.7071 -1.73189550335419e-016 -0.7071 -98.96246334;0 0 0 1]</pkmToWrist>
    </item>
    <item>
      <agent>1</agent>
      <TBeg>14.2396594003351</TBeg>
      <TEnd>14.2396594003351</TEnd>
      <ind>177</ind>
      <pkmToWrist>[-0.7071 -1.73189550335419e-016 -0.7071 -64.1647949917444;-2.44929359829471e-016 1 -1.49975978266186e-032 8.00000000000001;0.7071 1.73189550335419e-016 -0.7071 -108.760328348256;0 0 0 1]</pkmToWrist>
    </item>
    <item>
      <agent>1</agent>
      <TBeg>14.8759188910407</TBeg>
      <TEnd>14.8759188910407</TEnd>
      <ind>178</ind>
      <pkmToWrist>[-0.7071 -1.73189550335419e-016 -0.7071 -41.90752163659;-2.44929359829471e-016 1 -1.49975978266186e-032 19.129488592602;0.7071 1.73189550335419e-016 -0.7071 -113.76436170341;0 0 0 1]</pkmToWrist>
    </item>
    <item>
      <agent>1</agent>
      <TBeg>15.250608936708</TBeg>
      <TEnd>15.250608936708</TEnd>
      <ind>179</ind>
      <pkmToWrist>[-0.7071 -1.73189550335419e-016 -0.7071 -43.67527163659;-2.44929359829471e-016 1 -1.49975978266186e-032 19.129488592602;0.7071 1.73189550335419e-016 -0.7071 -115.53211170341;0 0 0 1]</pkmToWrist>
    </item>
  </pkm>
</plan>
