<?xml version="1.0" encoding="utf-8"?>
<plan>
   <svar>
      <item>
         <sHind>1</sHind>
         <eHind>7</eHind>
         <numH>7</numH>
         <sBind>1</sBind>
         <eBind>7</eBind>
         <numB>7</numB>
         <sPind>-3</sPind>
         <ePind>31</ePind>
         <numP>35</numP>
         <segInd>1</segInd>
         <agent/>
         <TBeg/>
         <TEnd/>
      </item>
      <item>
         <sHind/>
         <eHind/>
         <numH/>
         <sBind/>
         <eBind/>
         <numB/>
         <sPind/>
         <ePind/>
         <numP/>
         <segInd/>
         <agent/>
         <TBeg/>
         <TEnd/>
      </item>
   </svar>
   <sNum>1</sNum>
   <head>
      <item>
         <ind>0</ind>
         <cx>133.85</cx>
         <cy>71.2372488</cy>
         <cz>153.399876249792</cz>
         <alfa>3.14159265358979</alfa>
         <beta>0.0291652016955467</beta>
         <gamma>-3.5712007574688e-018</gamma>
         <line>
            <sP>1</sP>
            <eP>2</eP>
            <sPos>[134.475 75.224 153.398759052789]</sPos>
            <ePos>[127.477 75.224 153.165675361977]</ePos>
            <a>0</a>
            <b>-1</b>
            <c>75.224</c>
            <norm>1</norm>
            <norm2>1</norm2>
            <alfa>3.14159265358979</alfa>
            <beta>4.71238898038469</beta>
            <gamma>4.67909410238769</gamma>
            <len>7.00188060501765</len>
            <index/>
         </line>
         <lineseg/>
         <actions>[1 1 1 1 1]</actions>
         <numActions>1</numActions>
         <k1>0</k1>
         <k2>5.62811923452763</k2>
         <ABeg>0</ABeg>
         <AHoldMin>7.00188060501765</AHoldMin>
         <AHoldMax>8.97815067192406</AHoldMax>
         <b>10</b>
         <bcx>5</bcx>
         <bcy>2.8867512</bcy>
         <dmin>0.2</dmin>
         <dmax>2.2</dmax>
         <dcen>1.1</dcen>
         <dh>2</dh>
         <eps>0.1</eps>
         <agent>1</agent>
         <TBeg>0</TBeg>
         <TEnd>14.0037612100353</TEnd>
      </item>
      <item>
         <ind>100</ind>
         <cx>121.816620750903</cx>
         <cy>76.8013838236449</cy>
         <cz>152.579909145758</cz>
         <alfa>2.31673726866616</alfa>
         <beta>0.104485209399405</beta>
         <gamma>-0.113543028798555</gamma>
         <line>
            <sP>2</sP>
            <eP>3</eP>
            <sPos>[127.477 75.224 153.165675361977]</sPos>
            <ePos>[122.769 80.319 152.703587370056]</ePos>
            <a>-1.0822005097706</a>
            <b>-1</b>
            <c>213.179674384027</c>
            <norm>1.47348496542983</norm>
            <norm2>2.17115794334775</norm2>
            <alfa>2.31673726866616</alfa>
            <beta>6.19273835058827</beta>
            <gamma>4.6145528091107</gamma>
            <len>6.95254013381281</len>
            <index/>
         </line>
         <lineseg/>
         <actions>[2 2 2 2 2]</actions>
         <numActions>1</numActions>
         <k1>7.00188060501765</k1>
         <k2>13.9544207388305</k2>
         <ABeg>5.62811923452763</ABeg>
         <AHoldMin>14.5443444888756</AHoldMin>
         <AHoldMax>16.2505971083497</AHoldMax>
         <b>10</b>
         <bcx>5</bcx>
         <bcy>2.8867512</bcy>
         <dmin>0.2</dmin>
         <dmax>2.2</dmax>
         <dcen>1.1</dcen>
         <dh>2</dh>
         <eps>0.1</eps>
         <agent>2</agent>
         <TBeg>11.2562384690553</TBeg>
         <TEnd>29.0886889777512</TEnd>
      </item>
      <item>
         <ind>200</ind>
         <cx>121.154072264162</cx>
         <cy>86.4967547319425</cy>
         <cz>152.487824508455</cz>
         <alfa>1.32193687926952</alfa>
         <beta>-0.0334274143620926</beta>
         <gamma>-0.163623730339831</gamma>
         <line>
            <sP>3</sP>
            <eP>4</eP>
            <sPos>[122.769 80.319 152.703587370056]</sPos>
            <ePos>[124.493 87.103 152.901526112837]</ePos>
            <a>-3.93503480278424</a>
            <b>1</b>
            <c>402.781287703019</c>
            <norm>4.06011070035328</norm>
            <norm2>16.4844988991232</norm2>
            <alfa>1.32193687926952</alfa>
            <beta>0.0291690156386314</beta>
            <gamma>1.45648321577535</gamma>
            <len>7.00242898899329</len>
            <index/>
         </line>
         <lineseg/>
         <actions>[3 4 5 6 7]</actions>
         <numActions>5</numActions>
         <k1>14.5443444888756</k1>
         <k2>20.9568497278238</k2>
         <ABeg>13.9544207388305</ABeg>
         <AHoldMin>22.4136015744802</AHoldMin>
         <AHoldMax>23.6916443804388</AHoldMax>
         <b>10</b>
         <bcx>5</bcx>
         <bcy>2.8867512</bcy>
         <dmin>0.2</dmin>
         <dmax>2.2</dmax>
         <dcen>1.1</dcen>
         <dh>2</dh>
         <eps>0.1</eps>
         <agent>1</agent>
         <TBeg>27.9088414776609</TBeg>
         <TEnd>44.8272031489604</TEnd>
      </item>
      <item>
         <ind>300</ind>
         <cx>128.507433725312</cx>
         <cy>93.0246724944258</cy>
         <cz>153.233922570954</cz>
         <alfa>0.52892800642557</alfa>
         <beta>-0.0316839964920912</beta>
         <gamma>-0.0375608886228783</gamma>
         <line>
            <sP>4</sP>
            <eP>5</eP>
            <sPos>[124.493 87.103 152.901526112837]</sPos>
            <ePos>[130.536 90.635 153.333979833337]</ePos>
            <a>-0.584477908323681</a>
            <b>1</b>
            <c>-14.3395917590599</c>
            <norm>1.15828080590089</norm>
            <norm2>1.34161442531843</norm2>
            <alfa>0.52892800642557</alfa>
            <beta>0.121832374011093</beta>
            <gamma>1.49935536215832</gamma>
            <len>7.01283745857367</len>
            <index/>
         </line>
         <lineseg/>
         <actions>[8 9 10 11 12]</actions>
         <numActions>5</numActions>
         <k1>22.4136015744802</k1>
         <k2>27.9696871863974</k2>
         <ABeg>20.9568497278238</ABeg>
         <AHoldMin>29.1072842291411</AHoldMin>
         <AHoldMax>30.6309929300584</AHoldMax>
         <b>10</b>
         <bcx>5</bcx>
         <bcy>2.8867512</bcy>
         <dmin>0.2</dmin>
         <dmax>2.2</dmax>
         <dcen>1.1</dcen>
         <dh>2</dh>
         <eps>0.1</eps>
         <agent>2</agent>
         <TBeg>41.9136994556475</TBeg>
         <TEnd>58.2145684582822</TEnd>
      </item>
      <item>
         <ind>400</ind>
         <cx>137.378074933085</cx>
         <cy>91.2547823352237</cy>
         <cz>153.337215610484</cz>
         <alfa>5.90753777738806</alfa>
         <beta>0.0584342998263123</beta>
         <gamma>-0.0173229991739129</gamma>
         <line>
            <sP>5</sP>
            <eP>6</eP>
            <sPos>[130.536 90.635 153.333979833337]</sPos>
            <ePos>[137.22 87.999 153.34295584576]</ePos>
            <a>0.394374625972473</a>
            <b>1</b>
            <c>-142.115086175943</c>
            <norm>1.07495643893645</norm>
            <norm2>1.15553134561093</norm2>
            <alfa>5.90753777738806</alfa>
            <beta>3.13818750270537</beta>
            <gamma>1.56945341730537</gamma>
            <len>7.18501444457832</len>
            <index/>
         </line>
         <lineseg/>
         <actions>[13 14 15 16 17]</actions>
         <numActions>5</numActions>
         <k1>29.1072842291411</k1>
         <k2>35.1547016309757</k2>
         <ABeg>27.9696871863974</ABeg>
         <AHoldMin>36.290301300476</AHoldMin>
         <AHoldMax>37.7070570713765</AHoldMax>
         <b>10</b>
         <bcx>5</bcx>
         <bcy>2.8867512</bcy>
         <dmin>0.2</dmin>
         <dmax>2.2</dmax>
         <dcen>1.1</dcen>
         <dh>2</dh>
         <eps>0.1</eps>
         <agent>1</agent>
         <TBeg>55.9393743727949</TBeg>
         <TEnd>72.580602600952</TEnd>
      </item>
      <item>
         <ind>500</ind>
         <cx>142.022600524719</cx>
         <cy>83.0890894091542</cy>
         <cz>153.045316086097</cz>
         <alfa>5.02061580633516</alfa>
         <beta>0.0294330761840645</beta>
         <gamma>-0.109333719896452</gamma>
         <line>
            <sP>6</sP>
            <eP>7</eP>
            <sPos>[137.22 87.999 153.34295584576]</sPos>
            <ePos>[139.334 81.359 153.243381373714]</ePos>
            <a>3.14096499526962</a>
            <b>1</b>
            <c>-519.002216650898</c>
            <norm>3.29631022531392</norm>
            <norm2>10.8656611015091</norm2>
            <alfa>5.02061580633516</alfa>
            <beta>3.15658768503496</beta>
            <gamma>1.61786393799775</gamma>
            <len>6.96911121130115</len>
            <index/>
         </line>
         <lineseg/>
         <actions>[18 19 20 21 22]</actions>
         <numActions>5</numActions>
         <k1>36.290301300476</k1>
         <k2>42.1238128422769</k2>
         <ABeg>35.1547016309757</ABeg>
         <AHoldMin>43.2439674958759</AHoldMin>
         <AHoldMax>44.7133739162972</AHoldMax>
         <b>10</b>
         <bcx>5</bcx>
         <bcy>2.8867512</bcy>
         <dmin>0.2</dmin>
         <dmax>2.2</dmax>
         <dcen>1.1</dcen>
         <dh>2</dh>
         <eps>0.1</eps>
         <agent>2</agent>
         <TBeg>70.3094032619515</TBeg>
         <TEnd>86.4879349917519</TEnd>
      </item>
      <item>
         <ind>600</ind>
         <cx>139.007086804255</cx>
         <cy>74.0623860620021</cy>
         <cz>153.262005077253</cz>
         <alfa>4.09022877361726</alfa>
         <beta>-0.0227751032110203</beta>
         <gamma>-0.063022757834554</gamma>
         <line>
            <sP>7</sP>
            <eP>8</eP>
            <sPos>[139.334 81.359 153.243381373714]</sPos>
            <ePos>[135.221 75.624 153.39179999648]</ePos>
            <a>1.39435934840749</a>
            <b>-1</b>
            <c>-112.922665451009</c>
            <norm>1.71587819861765</norm>
            <norm2>2.94423799249136</norm2>
            <alfa>4.09022877361726</alfa>
            <beta>3.11571898282635</beta>
            <gamma>4.74845857731887</gamma>
            <len>7.05896749444164</len>
            <index/>
         </line>
         <lineseg/>
         <actions>[23 24 25 26 27]</actions>
         <numActions>5</numActions>
         <k1>43.2439674958759</k1>
         <k2>49.1827803367185</k2>
         <ABeg>42.1238128422769</ABeg>
         <AHoldMin>49.1827803367185</AHoldMin>
         <AHoldMax>49.1827803367185</AHoldMax>
         <b>10</b>
         <bcx>5</bcx>
         <bcy>2.8867512</bcy>
         <dmin>0.2</dmin>
         <dmax>2.2</dmax>
         <dcen>1.1</dcen>
         <dh>2</dh>
         <eps>0.1</eps>
         <agent>1</agent>
         <TBeg>84.2476256845538</TBeg>
         <TEnd>98.3655606734371</TEnd>
      </item>
      <item>
         <ind>700</ind>
         <cx>137.367984447068</cx>
         <cy>71.7768883672617</cy>
         <cz>153.337590259428</cz>
         <alfa>4.09022877361726</alfa>
         <beta>-0.0122545807220648</beta>
         <gamma>-0.0483218763554082</gamma>
         <line>
            <sP>7</sP>
            <eP>8</eP>
            <sPos>[139.334 81.359 153.243381373714]</sPos>
            <ePos>[135.221 75.624 153.39179999648]</ePos>
            <a>1.39435934840749</a>
            <b>-1</b>
            <c>-112.922665451009</c>
            <norm>1.71587819861765</norm>
            <norm2>2.94423799249136</norm2>
            <alfa>4.09022877361726</alfa>
            <beta>3.11571898282635</beta>
            <gamma>4.74845857731887</gamma>
            <len>7.05896749444164</len>
            <index/>
         </line>
         <lineseg/>
         <actions/>
         <numActions/>
         <k1/>
         <k2/>
         <ABeg/>
         <AHoldMin/>
         <AHoldMax/>
         <b>10</b>
         <bcx>5</bcx>
         <bcy>2.8867512</bcy>
         <dmin>0.2</dmin>
         <dmax>2.2</dmax>
         <dcen>1.1</dcen>
         <dh>2</dh>
         <eps>0.1</eps>
         <agent>2</agent>
         <TBeg/>
         <TEnd/>
      </item>
   </head>
   <hNum>7</hNum>
   <mbase>
      <item>
         <ind>-50</ind>
         <bCind>52</bCind>
         <cx>119</cx>
         <cy>107.96450033846</cy>
         <theta>3.14159265358979</theta>
         <pinX>[136 102 119]</pinX>
         <pinY>[117.779454914684 117.779454914684 88.3345911860127]</pinY>
         <pkmTheta>5.09662418092719</pkmTheta>
         <actions>
            <item>
               <pin>0</pin>
               <dTheta>0</dTheta>
               <dThetaInd>0</dThetaInd>
               <dPkmTheta>-1.1865611262524</dPkmTheta>
            </item>
            <item>
               <pin>0</pin>
               <dTheta>0</dTheta>
               <dThetaInd>0</dThetaInd>
               <dPkmTheta>0</dPkmTheta>
            </item>
            <item>
               <pin>0</pin>
               <dTheta>0</dTheta>
               <dThetaInd>0</dThetaInd>
               <dPkmTheta>0</dPkmTheta>
            </item>
         </actions>
         <numActions>1</numActions>
         <agent>1</agent>
         <TBeg>0</TBeg>
         <TEnd>14.8192238205709</TEnd>
      </item>
      <item>
         <ind>50</ind>
         <bCind>58</bCind>
         <cx>136</cx>
         <cy>39.2598183048946</cy>
         <theta>0</theta>
         <pinX>[119 153 136]</pinX>
         <pinY>[29.4448637286709 29.4448637286709 58.8897274573418]</pinY>
         <pkmTheta>1.93202362679807</pkmTheta>
         <actions>
            <item>
               <pin>0</pin>
               <dTheta>0</dTheta>
               <dThetaInd>0</dThetaInd>
               <dPkmTheta>1.93202362679807</dPkmTheta>
            </item>
            <item>
               <pin>0</pin>
               <dTheta>0</dTheta>
               <dThetaInd>0</dThetaInd>
               <dPkmTheta>0</dPkmTheta>
            </item>
            <item>
               <pin>0</pin>
               <dTheta>0</dTheta>
               <dThetaInd>0</dThetaInd>
               <dPkmTheta>0</dPkmTheta>
            </item>
         </actions>
         <numActions>1</numActions>
         <agent>2</agent>
         <TBeg>11.2562384690553</TBeg>
         <TEnd>29.8368027526506</TEnd>
      </item>
      <item>
         <ind>150</ind>
         <bCind>53</bCind>
         <cx>119</cx>
         <cy>127.594409490907</cy>
         <theta>2.0943951023932</theta>
         <pinX>[136 119 102]</pinX>
         <pinY>[117.779454914684 147.224318643355 117.779454914684]</pinY>
         <pkmTheta>5.81195212235126</pkmTheta>
         <actions>
            <item>
               <pin>1</pin>
               <dTheta>-1.0471975511966</dTheta>
               <dThetaInd>-1</dThetaInd>
               <dPkmTheta>0.71532794142407</dPkmTheta>
            </item>
            <item>
               <pin>0</pin>
               <dTheta>0</dTheta>
               <dThetaInd>0</dThetaInd>
               <dPkmTheta>0</dPkmTheta>
            </item>
            <item>
               <pin>0</pin>
               <dTheta>0</dTheta>
               <dThetaInd>0</dThetaInd>
               <dPkmTheta>0</dPkmTheta>
            </item>
         </actions>
         <numActions>1</numActions>
         <agent>1</agent>
         <TBeg>15.8194773956802</TBeg>
         <TEnd>45.7206819178852</TEnd>
      </item>
      <item>
         <ind>250</ind>
         <bCind>67</bCind>
         <cx>153</cx>
         <cy>68.7046820335655</cy>
         <theta>2.0943951023932</theta>
         <pinX>[170 153 136]</pinX>
         <pinY>[58.8897274573418 88.3345911860127 58.8897274573418]</pinY>
         <pkmTheta>0.26533485298128</pkmTheta>
         <actions>
            <item>
               <pin>3</pin>
               <dTheta>2.0943951023932</dTheta>
               <dThetaInd>2</dThetaInd>
               <dPkmTheta>-1.66668877381679</dPkmTheta>
            </item>
            <item>
               <pin>0</pin>
               <dTheta>0</dTheta>
               <dThetaInd>0</dThetaInd>
               <dPkmTheta>0</dPkmTheta>
            </item>
            <item>
               <pin>0</pin>
               <dTheta>0</dTheta>
               <dThetaInd>0</dThetaInd>
               <dPkmTheta>0</dPkmTheta>
            </item>
         </actions>
         <numActions>1</numActions>
         <agent>2</agent>
         <TBeg>31.2513749243824</TBeg>
         <TEnd>59.0330126253371</TEnd>
      </item>
      <item>
         <ind>350</ind>
         <bCind>53</bCind>
         <cx>119</cx>
         <cy>127.594409490907</cy>
         <theta>2.0943951023932</theta>
         <pinX>[136 119 102]</pinX>
         <pinY>[117.779454914684 147.224318643355 117.779454914684]</pinY>
         <pkmTheta>5.18061084835897</pkmTheta>
         <actions>
            <item>
               <pin>0</pin>
               <dTheta>0</dTheta>
               <dThetaInd>0</dThetaInd>
               <dPkmTheta>-0.631341273992288</dPkmTheta>
            </item>
            <item>
               <pin>0</pin>
               <dTheta>0</dTheta>
               <dThetaInd>0</dThetaInd>
               <dPkmTheta>0</dPkmTheta>
            </item>
            <item>
               <pin>0</pin>
               <dTheta>0</dTheta>
               <dThetaInd>0</dThetaInd>
               <dPkmTheta>0</dPkmTheta>
            </item>
         </actions>
         <numActions>1</numActions>
         <agent>1</agent>
         <TBeg>46.4973364742953</TBeg>
         <TEnd>73.3797783406542</TEnd>
      </item>
      <item>
         <ind>450</ind>
         <bCind>66</bCind>
         <cx>153</cx>
         <cy>49.0747728811182</cy>
         <theta>1.0471975511966</theta>
         <pinX>[153 170 136]</pinX>
         <pinY>[29.4448637286709 58.8897274573418 58.8897274573418]</pinY>
         <pkmTheta>2.93017018273819</pkmTheta>
         <actions>
            <item>
               <pin>3</pin>
               <dTheta>-1.0471975511966</dTheta>
               <dThetaInd>-1</dThetaInd>
               <dPkmTheta>2.66483532975691</dPkmTheta>
            </item>
            <item>
               <pin>0</pin>
               <dTheta>0</dTheta>
               <dThetaInd>0</dThetaInd>
               <dPkmTheta>0</dPkmTheta>
            </item>
            <item>
               <pin>0</pin>
               <dTheta>0</dTheta>
               <dThetaInd>0</dThetaInd>
               <dPkmTheta>0</dPkmTheta>
            </item>
         </actions>
         <numActions>1</numActions>
         <agent>2</agent>
         <TBeg>60.6286382129018</TBeg>
         <TEnd>86.4879349917519</TEnd>
      </item>
      <item>
         <ind>550</ind>
         <bCind>52</bCind>
         <cx>119</cx>
         <cy>107.96450033846</cy>
         <theta>3.14159265358979</theta>
         <pinX>[136 102 119]</pinX>
         <pinY>[117.779454914684 117.779454914684 88.3345911860127]</pinY>
         <pkmTheta>4.19833141933408</pkmTheta>
         <actions>
            <item>
               <pin>1</pin>
               <dTheta>1.0471975511966</dTheta>
               <dThetaInd>1</dThetaInd>
               <dPkmTheta>-0.982279429024896</dPkmTheta>
            </item>
            <item>
               <pin>0</pin>
               <dTheta>0</dTheta>
               <dThetaInd>0</dThetaInd>
               <dPkmTheta>0</dPkmTheta>
            </item>
            <item>
               <pin>0</pin>
               <dTheta>0</dTheta>
               <dThetaInd>0</dThetaInd>
               <dPkmTheta>0</dPkmTheta>
            </item>
         </actions>
         <numActions>1</numActions>
         <agent>1</agent>
         <TBeg>74.3800319157635</TBeg>
         <TEnd>98.3655606734371</TEnd>
      </item>
   </mbase>
   <bNum>7</bNum>
   <pkm>
      <item>
         <ind>-25</ind>
         <alpha0>1.9550315273374</alpha0>
         <l1>0.308110228152616</l1>
         <l2>0.302789317303674</l2>
         <l3>0.308110228152616</l3>
         <psi1>0</psi1>
         <psi2>-1.00801380490557</psi2>
         <psi3>0</psi3>
         <beta7>0.139363575055798</beta7>
         <pkmToWrist>[0.623875208407159 0 -0.781525229493536 -0.0125417800635465;0 1 0 0;0.781525229493536 0 0.623875208407159 0.441392088457148;0 0 0 1]</pkmToWrist>
         <Xyz_Euler_Zyz>
            <x>-0.0125417800635465</x>
            <y>0</y>
            <z>0.441392088457148</z>
            <alpha>3.14159265358979</alpha>
            <beta>0.897105632908702</beta>
            <gamma>3.14159265358979</gamma>
         </Xyz_Euler_Zyz>
         <baseToPkmAlfa>3.14159265358979</baseToPkmAlfa>
         <baseToPkmDx>10</baseToPkmDx>
         <baseToPkmDz>91.1</baseToPkmDz>
         <Dz>51.1</Dz>
         <hlowered>2.8</hlowered>
         <maxPkmNeutralDist>30</maxPkmNeutralDist>
         <PkmNeutralBtoH>25.73</PkmNeutralBtoH>
         <PkmNeutralZ>145.39</PkmNeutralZ>
         <PX>27.82</PX>
         <PY>0</PY>
         <PZ>18.98</PZ>
         <hTw>[-0.6464 0 0.763 -27.82;0 -1 0 0;0.763 0 0.6464 -18.98;0 0 0 1]</hTw>
         <agent>1</agent>
         <TBeg>0</TBeg>
         <TEnd>14.0037612100353</TEnd>
      </item>
      <item>
         <ind>75</ind>
         <alpha0>5.07361628038787</alpha0>
         <l1>0.33307355660645</l1>
         <l2>0.31982756480793</l2>
         <l3>0.337389893729342</l3>
         <psi1>0.115227158364205</psi1>
         <psi2>-1.11493015849592</psi2>
         <psi3>-0.198513732777305</psi3>
         <beta7>0.384713641868091</beta7>
         <pkmToWrist>[0.563809950624836 -0.0118165647079428 -0.825821208314031 -0.00496444210440796;-0.086447304496206 0.993560912503825 -0.0732366154997997 0.021504191865504;0.821369078503544 0.112681329168015 0.559158018854141 0.45626458588241;0 0 0 1]</pkmToWrist>
         <Xyz_Euler_Zyz>
            <x>-0.00496444210440796</x>
            <y>0.021504191865504</y>
            <z>0.45626458588241</z>
            <alpha>-3.05314067389507</alpha>
            <beta>0.977427111535407</beta>
            <gamma>3.00525649378785</gamma>
         </Xyz_Euler_Zyz>
         <baseToPkmAlfa>3.14159265358979</baseToPkmAlfa>
         <baseToPkmDx>10</baseToPkmDx>
         <baseToPkmDz>91.1</baseToPkmDz>
         <Dz>51.1</Dz>
         <hlowered>2.8</hlowered>
         <maxPkmNeutralDist>30</maxPkmNeutralDist>
         <PkmNeutralBtoH>25.73</PkmNeutralBtoH>
         <PkmNeutralZ>145.39</PkmNeutralZ>
         <PX>27.82</PX>
         <PY>0</PY>
         <PZ>18.98</PZ>
         <hTw>[-0.6464 0 0.763 -27.82;0 -1 0 0;0.763 0 0.6464 -18.98;0 0 0 1]</hTw>
         <agent>2</agent>
         <TBeg>11.2562384690553</TBeg>
         <TEnd>29.0886889777512</TEnd>
      </item>
      <item>
         <ind>175</ind>
         <alpha0>1.9550315273374</alpha0>
         <l1>0.280295213534929</l1>
         <l2>0.274981967101952</l2>
         <l3>0.280295213534929</l3>
         <psi1>0</psi1>
         <psi2>-1.01637185181508</psi2>
         <psi3>0</psi3>
         <beta7>0.139363575055798</beta7>
         <pkmToWrist>[0.623875208407159 0 -0.781525229493536 -0.0125417800635465;0 1 0 0;0.781525229493536 0 0.623875208407159 0.413392088457148;0 0 0 1]</pkmToWrist>
         <Xyz_Euler_Zyz>
            <x>-0.0125417800635465</x>
            <y>0</y>
            <z>0.413392088457148</z>
            <alpha>3.14159265358979</alpha>
            <beta>0.897105632908702</beta>
            <gamma>3.14159265358979</gamma>
         </Xyz_Euler_Zyz>
         <baseToPkmAlfa>3.14159265358979</baseToPkmAlfa>
         <baseToPkmDx>10</baseToPkmDx>
         <baseToPkmDz>91.1</baseToPkmDz>
         <Dz>51.1</Dz>
         <hlowered>2.8</hlowered>
         <maxPkmNeutralDist>30</maxPkmNeutralDist>
         <PkmNeutralBtoH>25.73</PkmNeutralBtoH>
         <PkmNeutralZ>145.39</PkmNeutralZ>
         <PX>27.82</PX>
         <PY>0</PY>
         <PZ>18.98</PZ>
         <hTw>[-0.6464 0 0.763 -27.82;0 -1 0 0;0.763 0 0.6464 -18.98;0 0 0 1]</hTw>
         <agent>1</agent>
         <TBeg>14.0931222481698</TBeg>
         <TEnd>14.0931222481698</TEnd>
      </item>
      <item>
         <ind>176</ind>
         <alpha0>5.09662418092719</alpha0>
         <l1>0.335106503164814</l1>
         <l2>0.254933959228618</l2>
         <l3>0.335106503164814</l3>
         <psi1>0</psi1>
         <psi2>-1.56819910828578</psi2>
         <psi3>0</psi3>
         <beta7>-0.907833976140799</beta7>
         <pkmToWrist>[0.501953939852322 0 -0.864895486325793 0.149972961887319;0 1 0 0;0.864895486325793 0 0.501953939852323 0.405050056608664;0 0 0 1]</pkmToWrist>
         <Xyz_Euler_Zyz>
            <x>0.149972961887319</x>
            <y>0</y>
            <z>0.405050056608664</z>
            <alpha>3.14159265358979</alpha>
            <beta>1.04494043121316</beta>
            <gamma>3.14159265358979</gamma>
         </Xyz_Euler_Zyz>
         <baseToPkmAlfa>3.14159265358979</baseToPkmAlfa>
         <baseToPkmDx>10</baseToPkmDx>
         <baseToPkmDz>91.1</baseToPkmDz>
         <Dz>51.1</Dz>
         <hlowered>2.8</hlowered>
         <maxPkmNeutralDist>30</maxPkmNeutralDist>
         <PkmNeutralBtoH>25.73</PkmNeutralBtoH>
         <PkmNeutralZ>145.39</PkmNeutralZ>
         <PX>27.82</PX>
         <PY>0</PY>
         <PZ>18.98</PZ>
         <hTw>[-0.6464 0 0.763 -27.82;0 -1 0 0;0.763 0 0.6464 -18.98;0 0 0 1]</hTw>
         <agent>1</agent>
         <TBeg>14.8192238205709</TBeg>
         <TEnd>14.8192238205709</TEnd>
      </item>
      <item>
         <ind>177</ind>
         <alpha0>1.62316191756487</alpha0>
         <l1>0.335106503164814</l1>
         <l2>0.254933959228618</l2>
         <l3>0.335106503164814</l3>
         <psi1>0</psi1>
         <psi2>-1.56819910828578</psi2>
         <psi3>0</psi3>
         <beta7>-1.34842258949195</beta7>
         <pkmToWrist>[0.501953939852323 0 -0.864895486325793 0.149972961887319;0 1 0 0;0.864895486325793 0 0.501953939852323 0.405050056608664;0 0 0 1]</pkmToWrist>
         <Xyz_Euler_Zyz>
            <x>0.149972961887319</x>
            <y>0</y>
            <z>0.405050056608664</z>
            <alpha>3.14159265358979</alpha>
            <beta>1.04494043121316</beta>
            <gamma>3.14159265358979</gamma>
         </Xyz_Euler_Zyz>
         <baseToPkmAlfa>3.14159265358979</baseToPkmAlfa>
         <baseToPkmDx>10</baseToPkmDx>
         <baseToPkmDz>91.1</baseToPkmDz>
         <Dz>51.1</Dz>
         <hlowered>2.8</hlowered>
         <maxPkmNeutralDist>30</maxPkmNeutralDist>
         <PkmNeutralBtoH>25.73</PkmNeutralBtoH>
         <PkmNeutralZ>145.39</PkmNeutralZ>
         <PX>27.82</PX>
         <PY>0</PY>
         <PZ>18.98</PZ>
         <hTw>[-0.6464 0 0.763 -27.82;0 -1 0 0;0.763 0 0.6464 -18.98;0 0 0 1]</hTw>
         <agent>1</agent>
         <TBeg>15.8194773956802</TBeg>
         <TEnd>15.8194773956802</TEnd>
      </item>
      <item>
         <ind>178</ind>
         <alpha0>1.62316191756487</alpha0>
         <l1>0.259043775107293</l1>
         <l2>0.263286609794755</l2>
         <l3>0.28426464472974</l3>
         <psi1>0.226589414466152</psi1>
         <psi2>-0.907416425766144</psi2>
         <psi3>-0.356331024720411</psi3>
         <beta7>-1.34842258949195</beta7>
         <pkmToWrist>[0.671198663820397 0.00544413122797477 -0.741258844846249 -0.0397547043637936;-0.124288578432486 0.986643476578418 -0.105295068281467 0.0309173947398244;0.730784963554222 0.162803598118793 0.66291042647767 0.389420152752891;0 0 0 1]</pkmToWrist>
         <Xyz_Euler_Zyz>
            <x>-0.0397547043637936</x>
            <y>0.0309173947398244</y>
            <z>0.389420152752891</z>
            <alpha>-3.00048768082552</alpha>
            <beta>0.846097754543457</beta>
            <gamma>2.92239312250379</gamma>
         </Xyz_Euler_Zyz>
         <baseToPkmAlfa>3.14159265358979</baseToPkmAlfa>
         <baseToPkmDx>10</baseToPkmDx>
         <baseToPkmDz>91.1</baseToPkmDz>
         <Dz>51.1</Dz>
         <hlowered>2.8</hlowered>
         <maxPkmNeutralDist>30</maxPkmNeutralDist>
         <PkmNeutralBtoH>25.73</PkmNeutralBtoH>
         <PkmNeutralZ>145.39</PkmNeutralZ>
         <PX>27.82</PX>
         <PY>0</PY>
         <PZ>18.98</PZ>
         <hTw>[-0.6464 0 0.763 -27.82;0 -1 0 0;0.763 0 0.6464 -18.98;0 0 0 1]</hTw>
         <agent>1</agent>
         <TBeg>16.6140345265742</TBeg>
         <TEnd>16.6140345265742</TEnd>
      </item>
      <item>
         <ind>179</ind>
         <alpha0>1.62316191756487</alpha0>
         <l1>0.286412996984277</l1>
         <l2>0.289969817442204</l2>
         <l3>0.305486538258323</l3>
         <psi1>0.220603791260422</psi1>
         <psi2>-0.902423782186465</psi2>
         <psi3>-0.346088878027747</psi3>
         <beta7>-1.34842258949195</beta7>
         <pkmToWrist>[0.671198663820397 0.00544413122797477 -0.741258844846249 -0.0397547043637936;-0.124288578432486 0.986643476578418 -0.105295068281467 0.0309173947398244;0.730784963554222 0.162803598118793 0.66291042647767 0.417420152752892;0 0 0 1]</pkmToWrist>
         <Xyz_Euler_Zyz>
            <x>-0.0397547043637936</x>
            <y>0.0309173947398244</y>
            <z>0.417420152752892</z>
            <alpha>-3.00048768082552</alpha>
            <beta>0.846097754543457</beta>
            <gamma>2.92239312250379</gamma>
         </Xyz_Euler_Zyz>
         <baseToPkmAlfa>3.14159265358979</baseToPkmAlfa>
         <baseToPkmDx>10</baseToPkmDx>
         <baseToPkmDz>91.1</baseToPkmDz>
         <Dz>51.1</Dz>
         <hlowered>2.8</hlowered>
         <maxPkmNeutralDist>30</maxPkmNeutralDist>
         <PkmNeutralBtoH>25.73</PkmNeutralBtoH>
         <PkmNeutralZ>145.39</PkmNeutralZ>
         <PX>27.82</PX>
         <PY>0</PY>
         <PZ>18.98</PZ>
         <hTw>[-0.6464 0 0.763 -27.82;0 -1 0 0;0.763 0 0.6464 -18.98;0 0 0 1]</hTw>
         <agent>1</agent>
         <TBeg>16.712956164605</TBeg>
         <TEnd>16.712956164605</TEnd>
      </item>
      <item>
         <ind>275</ind>
         <alpha0>5.07361628038787</alpha0>
         <l1>0.305662973091549</l1>
         <l2>0.291792156936715</l2>
         <l3>0.31189560509314</l3>
         <psi1>0.116648841493969</psi1>
         <psi2>-1.12483306605708</psi2>
         <psi3>-0.203286275241208</psi3>
         <beta7>0.384713641868091</beta7>
         <pkmToWrist>[0.563809950624836 -0.0118165647079428 -0.825821208314031 -0.00496444210440796;-0.086447304496206 0.993560912503825 -0.0732366154997997 0.021504191865504;0.821369078503544 0.112681329168015 0.559158018854141 0.42826458588241;0 0 0 1]</pkmToWrist>
         <Xyz_Euler_Zyz>
            <x>-0.00496444210440796</x>
            <y>0.021504191865504</y>
            <z>0.42826458588241</z>
            <alpha>-3.05314067389507</alpha>
            <beta>0.977427111535407</beta>
            <gamma>3.00525649378785</gamma>
         </Xyz_Euler_Zyz>
         <baseToPkmAlfa>3.14159265358979</baseToPkmAlfa>
         <baseToPkmDx>10</baseToPkmDx>
         <baseToPkmDz>91.1</baseToPkmDz>
         <Dz>51.1</Dz>
         <hlowered>2.8</hlowered>
         <maxPkmNeutralDist>30</maxPkmNeutralDist>
         <PkmNeutralBtoH>25.73</PkmNeutralBtoH>
         <PkmNeutralZ>145.39</PkmNeutralZ>
         <PX>27.82</PX>
         <PY>0</PY>
         <PZ>18.98</PZ>
         <hTw>[-0.6464 0 0.763 -27.82;0 -1 0 0;0.763 0 0.6464 -18.98;0 0 0 1]</hTw>
         <agent>2</agent>
         <TBeg>29.1859585858042</TBeg>
         <TEnd>29.1859585858042</TEnd>
      </item>
      <item>
         <ind>276</ind>
         <alpha0>1.93202362679807</alpha0>
         <l1>0.335106503164814</l1>
         <l2>0.254933959228618</l2>
         <l3>0.335106503164814</l3>
         <psi1>0</psi1>
         <psi2>-1.56819910828578</psi2>
         <psi3>0</psi3>
         <beta7>-0.662483909328507</beta7>
         <pkmToWrist>[0.501953939852322 0 -0.864895486325793 0.149972961887319;0 1 0 0;0.864895486325793 0 0.501953939852323 0.405050056608664;0 0 0 1]</pkmToWrist>
         <Xyz_Euler_Zyz>
            <x>0.149972961887319</x>
            <y>0</y>
            <z>0.405050056608664</z>
            <alpha>3.14159265358979</alpha>
            <beta>1.04494043121316</beta>
            <gamma>3.14159265358979</gamma>
         </Xyz_Euler_Zyz>
         <baseToPkmAlfa>3.14159265358979</baseToPkmAlfa>
         <baseToPkmDx>10</baseToPkmDx>
         <baseToPkmDz>91.1</baseToPkmDz>
         <Dz>51.1</Dz>
         <hlowered>2.8</hlowered>
         <maxPkmNeutralDist>30</maxPkmNeutralDist>
         <PkmNeutralBtoH>25.73</PkmNeutralBtoH>
         <PkmNeutralZ>145.39</PkmNeutralZ>
         <PX>27.82</PX>
         <PY>0</PY>
         <PZ>18.98</PZ>
         <hTw>[-0.6464 0 0.763 -27.82;0 -1 0 0;0.763 0 0.6464 -18.98;0 0 0 1]</hTw>
         <agent>2</agent>
         <TBeg>29.8368027526506</TBeg>
         <TEnd>29.8368027526506</TEnd>
      </item>
      <item>
         <ind>277</ind>
         <alpha0>5.50132260896427</alpha0>
         <l1>0.335106503164814</l1>
         <l2>0.254933959228618</l2>
         <l3>0.335106503164814</l3>
         <psi1>0</psi1>
         <psi2>-1.56819910828578</psi2>
         <psi3>0</psi3>
         <beta7>0.263593153444289</beta7>
         <pkmToWrist>[0.501953939852323 0 -0.864895486325793 0.149972961887319;0 1 0 0;0.864895486325793 0 0.501953939852323 0.405050056608664;0 0 0 1]</pkmToWrist>
         <Xyz_Euler_Zyz>
            <x>0.149972961887319</x>
            <y>0</y>
            <z>0.405050056608664</z>
            <alpha>3.14159265358979</alpha>
            <beta>1.04494043121316</beta>
            <gamma>3.14159265358979</gamma>
         </Xyz_Euler_Zyz>
         <baseToPkmAlfa>3.14159265358979</baseToPkmAlfa>
         <baseToPkmDx>10</baseToPkmDx>
         <baseToPkmDz>91.1</baseToPkmDz>
         <Dz>51.1</Dz>
         <hlowered>2.8</hlowered>
         <maxPkmNeutralDist>30</maxPkmNeutralDist>
         <PkmNeutralBtoH>25.73</PkmNeutralBtoH>
         <PkmNeutralZ>145.39</PkmNeutralZ>
         <PX>27.82</PX>
         <PY>0</PY>
         <PZ>18.98</PZ>
         <hTw>[-0.6464 0 0.763 -27.82;0 -1 0 0;0.763 0 0.6464 -18.98;0 0 0 1]</hTw>
         <agent>2</agent>
         <TBeg>31.2513749243824</TBeg>
         <TEnd>31.2513749243824</TEnd>
      </item>
      <item>
         <ind>278</ind>
         <alpha0>5.50132260896427</alpha0>
         <l1>0.266694009643687</l1>
         <l2>0.241570012771077</l2>
         <l3>0.266047039096804</l3>
         <psi1>0.0433206355469727</psi1>
         <psi2>-1.06665512425255</psi2>
         <psi3>-0.0743119695532633</psi3>
         <beta7>0.263593153444289</beta7>
         <pkmToWrist>[0.670229370944146 0.00118960019339082 -0.742154387693302 0.0268929411074169;-0.02865221972105 0.999294672752949 -0.0242736498396938 0.00712738047582621;0.741602050043601 0.0375332100806146 0.669790724593167 0.394955276336635;0 0 0 1]</pkmToWrist>
         <Xyz_Euler_Zyz>
            <x>0.0268929411074169</x>
            <y>0.00712738047582621</y>
            <z>0.394955276336635</z>
            <alpha>-3.10889730040272</alpha>
            <beta>0.836870291356163</beta>
            <gamma>3.09102481537016</gamma>
         </Xyz_Euler_Zyz>
         <baseToPkmAlfa>3.14159265358979</baseToPkmAlfa>
         <baseToPkmDx>10</baseToPkmDx>
         <baseToPkmDz>91.1</baseToPkmDz>
         <Dz>51.1</Dz>
         <hlowered>2.8</hlowered>
         <maxPkmNeutralDist>30</maxPkmNeutralDist>
         <PkmNeutralBtoH>25.73</PkmNeutralBtoH>
         <PkmNeutralZ>145.39</PkmNeutralZ>
         <PX>27.82</PX>
         <PY>0</PY>
         <PZ>18.98</PZ>
         <hTw>[-0.6464 0 0.763 -27.82;0 -1 0 0;0.763 0 0.6464 -18.98;0 0 0 1]</hTw>
         <agent>2</agent>
         <TBeg>31.9436047636339</TBeg>
         <TEnd>31.9436047636339</TEnd>
      </item>
      <item>
         <ind>279</ind>
         <alpha0>5.50132260896427</alpha0>
         <l1>0.293884725682495</l1>
         <l2>0.27010205126587</l2>
         <l3>0.293020785713402</l3>
         <psi1>0.0427804404314742</psi1>
         <psi2>-1.04998166507103</psi2>
         <psi3>-0.0722975236197851</psi3>
         <beta7>0.263593153444289</beta7>
         <pkmToWrist>[0.670229370944146 0.00118960019339082 -0.742154387693302 0.0268929411074169;-0.02865221972105 0.999294672752949 -0.0242736498396938 0.00712738047582621;0.741602050043601 0.0375332100806146 0.669790724593167 0.422955276336635;0 0 0 1]</pkmToWrist>
         <Xyz_Euler_Zyz>
            <x>0.0268929411074169</x>
            <y>0.00712738047582621</y>
            <z>0.422955276336635</z>
            <alpha>-3.10889730040272</alpha>
            <beta>0.836870291356163</beta>
            <gamma>3.09102481537016</gamma>
         </Xyz_Euler_Zyz>
         <baseToPkmAlfa>3.14159265358979</baseToPkmAlfa>
         <baseToPkmDx>10</baseToPkmDx>
         <baseToPkmDz>91.1</baseToPkmDz>
         <Dz>51.1</Dz>
         <hlowered>2.8</hlowered>
         <maxPkmNeutralDist>30</maxPkmNeutralDist>
         <PkmNeutralBtoH>25.73</PkmNeutralBtoH>
         <PkmNeutralZ>145.39</PkmNeutralZ>
         <PX>27.82</PX>
         <PY>0</PY>
         <PZ>18.98</PZ>
         <hTw>[-0.6464 0 0.763 -27.82;0 -1 0 0;0.763 0 0.6464 -18.98;0 0 0 1]</hTw>
         <agent>2</agent>
         <TBeg>32.0698190914373</TBeg>
         <TEnd>32.0698190914373</TEnd>
      </item>
      <item>
         <ind>375</ind>
         <alpha0>1.62316191756487</alpha0>
         <l1>0.259043775107293</l1>
         <l2>0.263286609794755</l2>
         <l3>0.28426464472974</l3>
         <psi1>0.226589414466152</psi1>
         <psi2>-0.907416425766144</psi2>
         <psi3>-0.356331024720411</psi3>
         <beta7>-1.34842258949195</beta7>
         <pkmToWrist>[0.671198663820397 0.00544413122797477 -0.741258844846249 -0.0397547043637936;-0.124288578432486 0.986643476578418 -0.105295068281467 0.0309173947398244;0.730784963554222 0.162803598118793 0.66291042647767 0.389420152752891;0 0 0 1]</pkmToWrist>
         <Xyz_Euler_Zyz>
            <x>-0.0397547043637936</x>
            <y>0.0309173947398244</y>
            <z>0.389420152752891</z>
            <alpha>-3.00048768082552</alpha>
            <beta>0.846097754543457</beta>
            <gamma>2.92239312250379</gamma>
         </Xyz_Euler_Zyz>
         <baseToPkmAlfa>3.14159265358979</baseToPkmAlfa>
         <baseToPkmDx>10</baseToPkmDx>
         <baseToPkmDz>91.1</baseToPkmDz>
         <Dz>51.1</Dz>
         <hlowered>2.8</hlowered>
         <maxPkmNeutralDist>30</maxPkmNeutralDist>
         <PkmNeutralBtoH>25.73</PkmNeutralBtoH>
         <PkmNeutralZ>145.39</PkmNeutralZ>
         <PX>27.82</PX>
         <PY>0</PY>
         <PZ>18.98</PZ>
         <hTw>[-0.6464 0 0.763 -27.82;0 -1 0 0;0.763 0 0.6464 -18.98;0 0 0 1]</hTw>
         <agent>1</agent>
         <TBeg>44.9261247869912</TBeg>
         <TEnd>44.9261247869912</TEnd>
      </item>
      <item>
         <ind>376</ind>
         <alpha0>4.76475457115466</alpha0>
         <l1>0.335106503164814</l1>
         <l2>0.254933959228618</l2>
         <l3>0.335106503164814</l3>
         <psi1>0</psi1>
         <psi2>-1.56819910828578</psi2>
         <psi3>0</psi3>
         <beta7>-0.301225038295354</beta7>
         <pkmToWrist>[0.501953939852323 0 -0.864895486325794 0.149972961887319;0 1 0 0;0.864895486325793 0 0.501953939852323 0.405050056608664;0 0 0 1]</pkmToWrist>
         <Xyz_Euler_Zyz>
            <x>0.149972961887319</x>
            <y>0</y>
            <z>0.405050056608664</z>
            <alpha>3.14159265358979</alpha>
            <beta>1.04494043121316</beta>
            <gamma>3.14159265358979</gamma>
         </Xyz_Euler_Zyz>
         <baseToPkmAlfa>3.14159265358979</baseToPkmAlfa>
         <baseToPkmDx>10</baseToPkmDx>
         <baseToPkmDz>91.1</baseToPkmDz>
         <Dz>51.1</Dz>
         <hlowered>2.8</hlowered>
         <maxPkmNeutralDist>30</maxPkmNeutralDist>
         <PkmNeutralBtoH>25.73</PkmNeutralBtoH>
         <PkmNeutralZ>145.39</PkmNeutralZ>
         <PX>27.82</PX>
         <PY>0</PY>
         <PZ>18.98</PZ>
         <hTw>[-0.6464 0 0.763 -27.82;0 -1 0 0;0.763 0 0.6464 -18.98;0 0 0 1]</hTw>
         <agent>1</agent>
         <TBeg>45.7206819178852</TBeg>
         <TEnd>45.7206819178852</TEnd>
      </item>
      <item>
         <ind>377</ind>
         <alpha0>2.03901819476918</alpha0>
         <l1>0.335106503164814</l1>
         <l2>0.254933959228618</l2>
         <l3>0.335106503164814</l3>
         <psi1>0</psi1>
         <psi2>-1.56819910828578</psi2>
