[mp]
is_active=1
program_name=mp_block_move

[ecp_irp6p_m]
is_active=1
program_name=ecp_block_move

[edp_irp6p_m]
is_active=1
velocity_limit_global_factor=1.0
robot_test_mode=1
force_sensor_test_mode=1
servo_tryb=1

force_0=1
force_1=1
force_2=1
force_3=1
force_4=1
force_5=1

preset_position_0=0.000000 -1.570000 0.000000 1.560000 1.570000 -1.570000 0.074000 0.000000
preset_position_1=-0.719000 -1.023000 -0.233000 -0.244000 4.753000 -2.261000 330.000000 117.000000
preset_position_2=0.379000 -1.286000 0.070000 -0.339000 4.747000 -1.164000 0.000000 0.000000