[mp]
is_active=1
program_name=mp_block_move

[ecp_irp6p_m]
is_active=1
program_name=ecp_block_move

[ecp_irp6p_tfg]
is_active=1
program_name=ecp_tfg

[edp_irp6p_m]
is_active=1
velocity_limit_global_factor=1.0
robot_test_mode=1
force_sensor_test_mode=1
servo_tryb=1
is_gripper_active=1

force_0=1
force_1=1
force_2=1
force_3=1
force_4=1
force_5=1

preset_position_0=0.000000 -1.570000 0.000000 1.560000 1.570000 -1.570000 0.074000 0.000000
preset_position_1=-0.510 -1.300 -0.030 -0.300 4.700 -1.985
preset_position_2=0.295000 -1.152000 -0.233000 -0.168000 4.747000 -1.248000

[edp_irp6p_tfg]
is_active=1
velocity_limit_global_factor=1.0
robot_test_mode=1
servo_tryb=1

preset_position_0=0.056600 0.301243 0.103201 0.024310 0.001242 0.102430 