# fs-cifs -l //yoyek64:192.168.18.10:/tmp /mnt/tmp

[ui]
is_irp6_on_track_active=1
is_irp6_postument_active=0
is_mp_and_ecps_active=1


[mp]
program_name=mp_c
node_name=mieszko


[ecp_irp6_on_track]
program_name=ecp_tw
node_name=robot1


[edp_irp6_on_track]
test_mode=0
node_name=robot1
force_tryb=2

force_0=0
force_1=0
force_2=1
force_3=0
force_4=0
force_5=0
servo_tryb=1
current_kartez_position_0=1
real_kartez_position_0=1

preset_position_0=0.000000 -13.828535 -4.892040 -4.228713 -36.003942 42.425320 316.154177 0.000000
preset_position_1=-15.902742 -4.861615 -8.535707 -38.691855 2.087588 335.452980 0.000000


